[1.jpg]
filters=Border=1,8.187135,46.198830,2.339181,00000000,00ffffff,0.000000;
moddate=7786f0134865d301
width=400
height=271
text=2;169;32;Prepare For The Prestigious Exam;A Year Without Rain;-0.047486,-0.111623,0.114710,0.000000;v1,4280252442,4278791178,128.000000,1.000000,0.028037,1.000000,700,0,49152;;159;23;Now From Your Home Only;A Year Without Rain;-0.088283,0.908416,0.147055,6.283185;v1,4280252442,4278791178,128.000000,1.000000,0.000000,1.000000,700,0,49152;;
textactive=1
